#     index      Reference     Calculated        Error^2    
         1 1.07099925e+00 1.08383424e+00 1.64737074e-04    
         2 1.01233031e+00 1.01413361e+00 3.25189029e-06    
         3 6.65937930e-01 6.66418092e-01 2.30555832e-07    
         4 8.86276084e-01 8.85027378e-01 1.55926736e-06    
         5 1.01375608e+00 1.03327083e+00 3.80825451e-04    
         6 1.28166265e+00 1.29020808e+00 7.30243679e-05    
         7 9.80545954e-01 9.74107839e-01 4.14493310e-05    
         8 8.75354910e-01 8.65871988e-01 8.99257926e-05    
         9 1.33836767e+00 1.34780332e+00 8.90314977e-05    
        10 7.17545501e-01 7.13563248e-01 1.58583396e-05    
        11 1.31814536e+00 1.30587420e+00 1.50581276e-04    
        12 8.43201261e-01 8.36903046e-01 3.96675206e-05    
        13 9.05215952e-01 8.94734756e-01 1.09855467e-04    
        14 6.90600935e-01 6.89626164e-01 9.50178386e-07    
        15 9.73979005e-01 9.68918897e-01 2.56046875e-05    
        16 1.86297940e+00 1.87700806e+00 1.96803460e-04    
        17 1.59421382e+00 1.60347627e+00 8.57928718e-05    
        18 1.06165162e+00 1.07739771e+00 2.47939578e-04    
        19 8.36365299e-01 8.42144310e-01 3.33969761e-05    
        20 1.68201037e+00 1.67822694e+00 1.43143685e-05    
        21 7.35027978e-01 7.42811104e-01 6.05770501e-05    
        22 7.76485646e-01 7.79760403e-01 1.07240334e-05    
        23 1.75249267e+00 1.75233946e+00 2.34733116e-08    
        24 1.52363514e+00 1.52343228e+00 4.11512185e-08    
        25 1.18574111e+00 1.19252808e+00 4.60629356e-05    
        26 9.58788381e-01 9.62065897e-01 1.07421086e-05    
        27 9.77520041e-01 9.81263803e-01 1.40157526e-05    
        28 1.17762967e+00 1.18968869e+00 1.45419883e-04    
        29 1.67312640e+00 1.66777620e+00 2.86246619e-05    
        30 1.25536975e+00 1.24159718e+00 1.89683820e-04    
        31 1.07833088e+00 1.06636515e+00 1.43178660e-04    
        32 1.44944626e+00 1.45821381e+00 7.68699414e-05    
        33 9.64555695e-01 9.71497958e-01 4.81950132e-05    
        34 1.07890907e+00 1.07196744e+00 4.81862452e-05    
        35 1.34925075e+00 1.34870453e+00 2.98362464e-07    
        36 1.27133272e+00 1.27239101e+00 1.11999240e-06    
        37 8.83233981e-01 8.70455082e-01 1.63300273e-04    
        38 1.04723697e+00 1.04477063e+00 6.08282920e-06    
        39 9.79370503e-01 9.84161562e-01 2.29542420e-05    
        40 1.10882671e+00 1.10498254e+00 1.47776547e-05    
        41 1.53934829e+00 1.54871993e+00 8.78276616e-05    
        42 1.26845615e+00 1.27452046e+00 3.67758362e-05    
        43 9.15195047e-01 9.18560839e-01 1.13285539e-05    
        44 9.15447682e-01 9.20028514e-01 2.09840171e-05    
        45 1.01032975e+00 1.00755299e+00 7.71040747e-06    
        46 1.37070555e+00 1.38270862e+00 1.44073597e-04    
        47 9.18946926e-01 9.17427040e-01 2.31005322e-06    
        48 1.56730101e+00 1.57749405e+00 1.03898004e-04    
        49 1.12840934e+00 1.14083711e+00 1.54449460e-04    
        50 1.33422667e+00 1.34146687e+00 5.24204703e-05    
        51 2.63906385e+00 2.64524262e+00 3.81772697e-05    
        52 4.06572113e+00 4.03955080e+00 6.84886599e-04    
        53 2.42398366e+00 2.40603962e+00 3.21988352e-04    
        54 5.51992295e+00 5.43833234e+00 6.65702761e-03    
        55 4.41449874e+00 4.47349508e+00 3.48056786e-03    
        56 6.89881791e+00 6.99179589e+00 8.64490347e-03    
        57 6.42339791e+00 6.39208387e+00 9.80569015e-04    
        58 5.19705433e+00 5.29614466e+00 9.81889447e-03    
        59 3.42015382e+00 3.42609944e+00 3.53504087e-05    
        60 4.10246564e+00 4.12107692e+00 3.46379587e-04    
        61 6.22069911e+00 6.09931540e+00 1.47340042e-02    
        62 3.63941228e+00 3.75711776e+00 1.38545790e-02    
        63 1.20973359e+01 1.21571087e+01 3.57278876e-03    
        64 6.42915318e+00 6.41642515e+00 1.62002748e-04    
        65 4.38619418e+00 4.38449418e+00 2.88997762e-06    
        66 5.46412913e+00 5.42847599e+00 1.27114699e-03    
        67 4.28584179e+00 4.28582987e+00 1.42283922e-10    
        68 4.75998325e+00 4.78488413e+00 6.20053802e-04    
        69 6.42076614e+00 6.44572052e+00 6.22721482e-04    
        70 2.70335037e+00 2.74808188e+00 2.00090758e-03    
        71 3.59437235e+00 3.59522573e+00 7.28262211e-07    
        72 3.58203194e+00 3.55529752e+00 7.14728950e-04    
        73 4.90642909e+00 4.87835985e+00 7.87882185e-04    
        74 6.64044089e+00 6.75865880e+00 1.39754749e-02    
        75 5.97340409e+00 5.95444794e+00 3.59335669e-04    
        76 2.68913358e+00 2.64243028e+00 2.18119872e-03    
        77 6.78377591e+00 6.79220473e+00 7.10449132e-05    
        78 5.44968399e+00 5.43591634e+00 1.89548301e-04    
        79 3.34336555e+00 3.32723921e+00 2.60058803e-04    
        80 9.10729082e+00 8.81699458e+00 8.42719058e-02    
        81 4.71954208e+00 4.79049616e+00 5.03448099e-03    
        82 3.41544229e+00 3.41135318e+00 1.67208366e-05    
        83 2.26301932e+00 2.27068244e+00 5.87233483e-05    
        84 4.50513853e+00 4.46386838e+00 1.70322544e-03    
        85 6.83917653e+00 6.76721726e+00 5.17813634e-03    
        86 5.95299359e+00 5.97234621e+00 3.74523687e-04    
        87 4.66670986e+00 4.67532033e+00 7.41400887e-05    
        88 6.11634748e+00 6.16487069e+00 2.35450161e-03    
        89 5.73956890e+00 5.75529621e+00 2.47348313e-04    
        90 4.24415546e+00 4.27967738e+00 1.26180675e-03    
        91 4.84051235e+00 4.84945051e+00 7.98906503e-05    
        92 6.00455485e+00 5.92277865e+00 6.68734678e-03    
        93 2.67140619e+00 2.68656926e+00 2.29918746e-04    
        94 6.90788517e+00 6.96826578e+00 3.64581694e-03    
        95 2.04990192e+00 2.04964193e+00 6.75930297e-08    
        96 3.08789144e+00 3.11673063e+00 8.31698817e-04    
        97 3.57812550e+00 3.61507124e+00 1.36498757e-03    
        98 3.45245907e+00 3.42448479e+00 7.82560755e-04    
        99 3.74226071e+00 3.76404405e+00 4.74514205e-04    
       100 4.51170134e+00 4.54324029e+00 9.94705421e-04    
       101 4.40539666e+00 4.40898144e+00 1.28506992e-05    
       102 2.25557091e+00 2.28744259e+00 1.01580405e-03    
       103 3.95615967e+00 4.00221967e+00 2.12152316e-03    
       104 7.90116522e+00 7.88780642e+00 1.78457509e-04    
       105 3.85677284e+00 3.86999282e+00 1.74767763e-04    
       106 3.69505587e+00 3.65996391e+00 1.23144554e-03    
       107 4.37162391e+00 4.31505743e+00 3.19976686e-03    
       108 3.53271001e+00 3.54685729e+00 2.00145575e-04    
       109 4.35013008e+00 4.37550418e+00 6.43845364e-04    
       110 5.79636321e+00 5.80210446e+00 3.29619400e-05    
       111 4.94129037e+00 5.03060192e+00 7.97655150e-03    
       112 4.53539196e+00 4.50743472e+00 7.81607088e-04    
       113 2.45053321e+00 2.45847040e+00 6.29990203e-05    
       114 3.96173051e+00 3.98705774e+00 6.41468227e-04    
       115 4.92332748e+00 4.92020810e+00 9.73048645e-06    
       116 2.62521308e+00 2.64130423e+00 2.58925011e-04    
       117 5.54830395e+00 5.54997369e+00 2.78803808e-06    
       118 2.54661087e+00 2.56121907e+00 2.13399573e-04    
       119 3.09258729e+00 3.12690427e+00 1.17765538e-03    
       120 6.53558154e+00 6.50789595e+00 7.66492263e-04    
       121 2.68085686e+00 2.69867314e+00 3.17420069e-04    
       122 4.76272659e+00 4.77256417e+00 9.67779754e-05    
       123 3.38074660e+00 3.39893194e+00 3.30706684e-04    
       124 1.12071435e+01 1.11752003e+01 1.02037178e-03    
       125 3.75888513e+00 3.77845962e+00 3.83160862e-04    
       126 3.47962402e+00 3.52354768e+00 1.92928761e-03    
       127 3.61030582e+00 3.64114822e+00 9.51253751e-04    
       128 2.74677748e+00 2.77006520e+00 5.42318005e-04    
       129 4.60522498e+00 4.70152003e+00 9.27273645e-03    
       130 2.58178736e+00 2.58661613e+00 2.33170856e-05    
       131 6.39414712e+00 6.45693934e+00 3.94286243e-03    
       132 6.94782559e+00 6.93903286e+00 7.73120836e-05    
       133 3.20361843e+00 3.19282033e+00 1.16598972e-04    
       134 5.72837614e+00 5.67573013e+00 2.77160171e-03    
       135 3.13546990e+00 3.12373605e+00 1.37683309e-04    
       136 3.77490971e+00 3.72077522e+00 2.93054305e-03    
       137 3.93596416e+00 3.91937336e+00 2.75254679e-04    
       138 4.33600019e+00 4.34367165e+00 5.88512609e-05    
       139 4.14445650e+00 4.18460109e+00 1.61158804e-03    
       140 2.44857770e+00 2.46849047e+00 3.96518550e-04    
       141 3.08809789e+00 3.08730293e+00 6.31961640e-07    
       142 4.48965612e+00 4.51180427e+00 4.90540615e-04    
       143 3.44562010e+00 3.48368099e+00 1.44863137e-03    
       144 5.23543324e+00 5.25984241e+00 5.95807162e-04    
       145 8.28050586e+00 8.27982988e+00 4.56948370e-07    
       146 4.81800604e+00 4.84546663e+00 7.54084234e-04    
       147 6.59849232e+00 6.59749829e+00 9.88093062e-07    
       148 5.05423524e+00 5.03767659e+00 2.74188746e-04    
       149 5.85023716e+00 5.95892497e+00 1.18130407e-02    
       150 3.42750196e+00 3.41099758e+00 2.72394269e-04    
       151 7.84393510e+00 7.91781078e+00 5.45761595e-03    
       152 5.05494753e+00 5.03459614e+00 4.14178729e-04    
       153 3.99805026e+00 3.97615496e+00 4.79404034e-04    
       154 4.51414141e+00 4.58398586e+00 4.87824620e-03    
       155 4.20402447e+00 4.06905408e+00 1.82170082e-02    
       156 2.04880585e+00 2.03536853e+00 1.80561471e-04    
       157 6.49280799e+00 6.51293924e+00 4.05267167e-04    
       158 3.05697920e+00 2.97697324e+00 6.40095321e-03    
       159 2.94437488e+00 2.96807348e+00 5.61623367e-04    
       160 5.10303345e+00 5.03767229e+00 4.27208191e-03    
       161 3.65837769e+00 3.65671925e+00 2.75041557e-06    
       162 3.91933861e+00 3.94677846e+00 7.52945238e-04    
       163 5.40351956e+00 5.45913902e+00 3.09352367e-03    
       164 4.32528171e+00 4.30886676e+00 2.69450369e-04    
       165 4.33636302e+00 4.33132855e+00 2.53459466e-05    
       166 4.22782597e+00 4.26574590e+00 1.43792109e-03    
       167 3.55101508e+00 3.54422232e+00 4.61416396e-05    
       168 5.59534996e+00 5.60395175e+00 7.39907776e-05    
       169 4.53599619e+00 4.57852312e+00 1.80854009e-03    
       170 4.42374434e+00 4.46599486e+00 1.78510642e-03    
       171 3.29218688e+00 3.34064099e+00 2.34780072e-03    
       172 9.12021846e+00 9.14431597e+00 5.80690222e-04    
       173 4.19338317e+00 4.19372909e+00 1.19660703e-07    
       174 4.22183840e+00 4.20664838e+00 2.30736840e-04    
       175 2.81420940e+00 2.77923566e+00 1.22316263e-03    
       176 3.45314532e+00 3.48575567e+00 1.06343488e-03    
       177 5.08801125e+00 5.09842023e+00 1.08346835e-04    
       178 5.19238133e+00 5.21885860e+00 7.01045986e-04    
       179 4.44377288e+00 4.47874788e+00 1.22325111e-03    
       180 4.24666318e+00 4.21141867e+00 1.24217525e-03    
       181 4.56628814e+00 4.54185872e+00 5.96796773e-04    
       182 5.16063292e+00 5.18905208e+00 8.07648643e-04    
       183 2.91168703e+00 2.90279015e+00 7.91545194e-05    
       184 5.96265611e+00 5.96629004e+00 1.32054344e-05    
       185 4.20451657e+00 4.19489698e+00 9.25364064e-05    
       186 3.30687292e+00 3.34518937e+00 1.46815015e-03    
       187 2.43033048e+00 2.43297117e+00 6.97324801e-06    
       188 2.57463174e+00 2.53092256e+00 1.91049241e-03    
       189 4.08456964e+00 4.00931661e+00 5.66301825e-03    
       190 5.16561014e+00 5.21360507e+00 2.30351364e-03    
       191 2.77504848e+00 2.77359848e+00 2.10249830e-06    
       192 2.85011900e+00 2.83202773e+00 3.27294259e-04    
       193 1.78284600e+00 1.81076164e+00 7.79282952e-04    
       194 6.30315555e+00 6.25663943e+00 2.16374935e-03    
       195 3.52645210e+00 3.51090820e+00 2.41613007e-04    
       196 3.51459437e+00 3.48214462e+00 1.05298628e-03    
       197 4.60020340e+00 4.65422313e+00 2.91813201e-03    
       198 5.88211288e+00 5.88138768e+00 5.25914663e-07    
       199 2.10969453e+00 2.15149680e+00 1.74742971e-03    
       200 3.40982903e+00 3.43543495e+00 6.55662970e-04    
       201 3.25002169e+00 3.22400212e+00 6.77018075e-04    
       202 3.21252706e+00 3.19709242e+00 2.38228202e-04    
       203 3.92863322e+00 3.98005768e+00 2.64447492e-03    
       204 4.80701376e+00 4.84119843e+00 1.16859132e-03    
       205 6.54635889e+00 6.59541292e+00 2.40629720e-03    
       206 4.51823855e+00 4.48551240e+00 1.07100074e-03    
       207 5.56750235e+00 5.50631377e+00 3.74404204e-03    
       208 5.24524548e+00 5.26115408e+00 2.53083535e-04    
       209 4.78139732e+00 4.79518880e+00 1.90204811e-04    
       210 3.44279511e+00 3.48383319e+00 1.68412326e-03    
       211 3.92421298e+00 3.99013802e+00 4.34611116e-03    
       212 4.95966442e+00 4.99756053e+00 1.43611562e-03    
       213 8.26923165e+00 8.19214810e+00 5.94187367e-03    
       214 2.85232903e+00 2.81499479e+00 1.39384513e-03    
       215 4.23198849e+00 4.24129890e+00 8.66837481e-05    
       216 3.45644922e+00 3.45664218e+00 3.72334647e-08    
       217 6.80746515e+00 6.85126706e+00 1.91860736e-03    
       218 4.02795291e+00 4.02627639e+00 2.81071351e-06    
       219 8.09434595e+00 8.09304968e+00 1.68033235e-06    
       220 4.29512109e+00 4.38949978e+00 8.90733784e-03    
       221 7.50891921e+00 7.56487050e+00 3.13054752e-03    
       222 4.96341630e+00 4.86402409e+00 9.87881088e-03    
       223 1.87638996e+00 1.85662486e+00 3.90659225e-04    
       224 4.87304138e+00 4.92914121e+00 3.14719083e-03    
       225 4.60477003e+00 4.64563182e+00 1.66968565e-03    
       226 4.63113196e+00 4.60680719e+00 5.91694334e-04    
       227 1.64499264e+00 1.62880913e+00 2.61906056e-04    
       228 2.82375620e+00 2.80842983e+00 2.34897550e-04    
       229 2.69031958e+00 2.65232720e+00 1.44342067e-03    
       230 3.46379290e+00 3.42068837e+00 1.85800042e-03    
       231 3.68961216e+00 3.71074637e+00 4.46654931e-04    
       232 4.97714746e+00 4.97988280e+00 7.48211289e-06    
       233 4.49882215e+00 4.55587010e+00 3.25446836e-03    
       234 5.05515912e+00 5.06189064e+00 4.53133049e-05    
       235 3.11123724e+00 3.05136727e+00 3.58441346e-03    
       236 4.05997089e+00 4.02892874e+00 9.63614811e-04    
       237 2.62613257e+00 2.66525168e+00 1.53030446e-03    
       238 2.30722667e+00 2.32769381e+00 4.18903710e-04    
       239 5.41069256e+00 5.50361462e+00 8.63450827e-03    
       240 4.64275262e+00 4.62249585e+00 4.10336581e-04    
       241 3.59546691e+00 3.60491212e+00 8.92118885e-05    
       242 5.20396603e+00 5.13123630e+00 5.28961382e-03    
       243 4.07267068e+00 4.07743668e+00 2.27148183e-05    
       244 2.02396808e+00 1.99030095e+00 1.13347546e-03    
       245 4.85085377e+00 4.87889457e+00 7.86286146e-04    
       246 4.36610866e+00 4.33707567e+00 8.42914649e-04    
       247 4.69789853e+00 4.74661965e+00 2.37374791e-03    
       248 3.20689334e+00 3.22738965e+00 4.20098605e-04    
       249 4.78655834e+00 4.80256172e+00 2.56108206e-04    
       250 4.60194605e+00 4.60395203e+00 4.02393041e-06    
       251 4.37529722e+00 4.35517889e+00 4.04747198e-04    
       252 3.15814546e+00 3.19014027e+00 1.02366794e-03    
       253 3.29594729e+00 3.30606458e+00 1.02359609e-04    
       254 7.02588124e+00 7.01309266e+00 1.63547709e-04    
       255 3.06478805e+00 2.99558567e+00 4.78896908e-03    
       256 3.59361237e+00 3.55150636e+00 1.77291630e-03    
       257 4.22881210e+00 4.23207545e+00 1.06494687e-05    
       258 4.41652303e+00 4.40434982e+00 1.48186972e-04    
       259 6.84509099e+00 6.82734187e+00 3.15031334e-04    
       260 3.45866389e+00 3.38138159e+00 5.97255323e-03    
       261 6.43225144e+00 6.46775261e+00 1.26033286e-03    
       262 3.10347671e+00 3.04751061e+00 3.13220401e-03    
       263 4.84139413e+00 4.68595178e+00 2.41623249e-02    
       264 3.63556966e+00 3.62381984e+00 1.38058369e-04    
       265 4.82192552e+00 4.89376809e+00 5.16135426e-03    
       266 4.39744172e+00 4.36093212e+00 1.33295092e-03    
       267 3.83031121e+00 3.87350893e+00 1.86604349e-03    
       268 5.09892728e+00 5.11795211e+00 3.61944226e-04    
       269 4.27222923e+00 4.19774471e+00 5.54794399e-03    
       270 3.26516557e+00 3.31607941e+00 2.59221970e-03    
       271 3.24279661e+00 3.27155961e+00 8.27309745e-04    
       272 1.56981902e+00 1.58642517e+00 2.75764244e-04    
       273 5.48972437e+00 5.50585523e+00 2.60204661e-04    
       274 5.32397044e+00 5.42675913e+00 1.05655141e-02    
       275 4.40270207e+00 4.39063134e+00 1.45702502e-04    
       276 4.90121724e+00 4.89097452e+00 1.04913423e-04    
       277 6.71336508e+00 6.73391314e+00 4.22222815e-04    
       278 2.38427549e+00 2.41450939e+00 9.14089117e-04    
       279 3.30399278e+00 3.33673350e+00 1.07195476e-03    
       280 3.28483887e+00 3.23130655e+00 2.86570905e-03    
       281 4.51789668e+00 4.52305041e+00 2.65608910e-05    
       282 6.65342331e+00 6.55152371e+00 1.03835280e-02    
       283 4.52723415e+00 4.53969065e+00 1.55164531e-04    
       284 6.40296495e+00 6.36379384e+00 1.53437531e-03    
       285 5.44831841e+00 5.45642877e+00 6.57780654e-05    
       286 5.43916725e+00 5.37582070e+00 4.01278465e-03    
       287 3.09404060e+00 3.06586098e+00 7.94090540e-04    
       288 2.38516128e+00 2.40233585e+00 2.94965766e-04    
       289 1.13376331e+00 1.11398066e+00 3.91353382e-04    
       290 6.30083138e+00 6.24804504e+00 2.78639778e-03    
       291 5.84201220e+00 5.91006447e+00 4.63111054e-03    
       292 4.44991312e+00 4.46027629e+00 1.07395402e-04    
       293 4.24297053e+00 4.19756637e+00 2.06153858e-03    
       294 5.77359472e+00 5.74685056e+00 7.15249833e-04    
       295 3.37047804e+00 3.37210683e+00 2.65298624e-06    
       296 4.46199807e+00 4.44574439e+00 2.64182101e-04    
       297 6.71211540e+00 6.92067974e+00 4.34990851e-02    
       298 3.26886310e+00 3.29907164e+00 9.12555782e-04    
       299 2.60844540e+00 2.63433730e+00 6.70390291e-04    
       300 3.73214463e+00 3.74099485e+00 7.83264821e-05    
       301 3.30202284e+00 3.28300357e+00 3.61732610e-04    
       302 3.11306342e+00 3.08865011e+00 5.96009607e-04    
       303 4.95799411e+00 5.00426962e+00 2.14142242e-03    
       304 4.41984989e+00 4.41017899e+00 9.35262809e-05    
       305 3.83031616e+00 3.84958698e+00 3.71364448e-04    
       306 3.80553255e+00 3.82111150e+00 2.42703775e-04    
       307 5.07689084e+00 5.13281860e+00 3.12791446e-03    
       308 2.75383878e+00 2.76197612e+00 6.62162266e-05    
       309 5.85095748e+00 5.75796040e+00 8.64845626e-03    
       310 8.34631159e+00 8.38632847e+00 1.60135112e-03    
       311 3.81890352e+00 3.81203259e+00 4.72097655e-05    
       312 3.63247027e+00 3.65180369e+00 3.73780972e-04    
       313 2.27581618e+00 2.26871434e+00 5.04362374e-05    
       314 3.92598463e+00 3.92714199e+00 1.33948662e-06    
       315 4.90404662e+00 4.90363554e+00 1.68989870e-07    
       316 4.81016129e+00 4.78300435e+00 7.37499363e-04    
       317 5.95525972e+00 6.02594346e+00 4.99619224e-03    
       318 5.21252237e+00 5.24559806e+00 1.09400139e-03    
       319 7.66120277e+00 7.59798258e+00 3.99679165e-03    
       320 3.97045271e+00 3.91081641e+00 3.55648835e-03    
       321 1.75533309e+00 1.75915595e+00 1.46142577e-05    
       322 6.31676410e+00 6.36872436e+00 2.69986903e-03    
       323 3.40352883e+00 3.40175259e+00 3.15504080e-06    
       324 2.91371665e+00 2.92636008e+00 1.59856394e-04    
       325 3.19473008e+00 3.23710730e+00 1.79582882e-03    
       326 2.45287991e+00 2.47803665e+00 6.32862014e-04    
       327 4.27110699e+00 4.27988905e+00 7.71244699e-05    
       328 4.59392265e+00 4.63050722e+00 1.33843063e-03    
       329 3.21511259e+00 3.22856932e+00 1.81083599e-04    
       330 2.74134877e+00 2.74842432e+00 5.00633733e-05    
       331 2.82556694e+00 2.85777194e+00 1.03716182e-03    
       332 4.40361767e+00 4.43871508e+00 1.23182823e-03    
       333 1.88149933e+00 1.90276781e+00 4.52348090e-04    
       334 3.36322152e+00 3.35814986e+00 2.57217265e-05    
       335 4.87632037e+00 4.93011451e+00 2.89381034e-03    
       336 3.82531008e+00 3.83319387e+00 6.21540657e-05    
       337 2.85199093e+00 2.86878505e+00 2.82042437e-04    
       338 6.90574405e+00 6.89309428e+00 1.60016610e-04    
       339 6.15867193e+00 6.14713149e+00 1.33181836e-04    
       340 4.03730926e+00 4.04604777e+00 7.63615728e-05    
       341 3.66652176e+00 3.66843176e+00 3.64809584e-06    
       342 4.17944185e+00 4.18764337e+00 6.72649013e-05    
       343 3.63662557e+00 3.68226475e+00 2.08293451e-03    
       344 2.51840005e+00 2.52805713e+00 9.32592168e-05    
       345 3.17497903e+00 3.16037474e+00 2.13285269e-04    
       346 4.70339017e+00 4.70520713e+00 3.30131007e-06    
       347 7.41248267e+00 7.46531010e+00 2.79073722e-03    
       348 2.58112000e+00 2.57976900e+00 1.82518860e-06    
       349 4.90615060e+00 4.97289544e+00 4.45487346e-03    
       350 4.39235619e+00 4.40542770e+00 1.70864351e-04    
       351 5.17179312e+00 5.20414677e+00 1.04675870e-03    
       352 4.82237243e+00 4.78800367e+00 1.18121181e-03    
       353 1.71199076e+00 1.70386857e+00 6.59700808e-05    
       354 6.72146334e+00 6.82013117e+00 9.73534001e-03    
       355 4.91047031e+00 4.84562367e+00 4.20508718e-03    
       356 3.81633048e+00 3.83249274e+00 2.61218691e-04    
       357 4.12389233e+00 4.16937915e+00 2.06905126e-03    
       358 4.50236024e+00 4.53323497e+00 9.53249042e-04    
       359 4.77893886e+00 4.73676158e+00 1.77892352e-03    
       360 2.78215038e+00 2.80446501e+00 4.97942606e-04    
       361 5.23802523e+00 5.28240902e+00 1.96992032e-03    
       362 4.76174354e+00 4.76769503e+00 3.54202626e-05    
       363 2.66534200e+00 2.65065942e+00 2.15578053e-04    
       364 3.81057151e+00 3.82827443e+00 3.13393134e-04    
       365 2.16137088e+00 2.14193160e+00 3.77885476e-04    
       366 6.05889636e+00 6.04470974e+00 2.01260068e-04    
       367 2.90908538e+00 2.89583913e+00 1.75463229e-04    
       368 5.29222009e+00 5.27241563e+00 3.92216591e-04    
       369 4.61023759e+00 4.63922856e+00 8.40476753e-04    
       370 4.80704928e+00 4.80957743e+00 6.39152345e-06    
       371 5.73044748e+00 5.66039961e+00 4.90670412e-03    
       372 4.53548502e+00 4.61360771e+00 6.10315464e-03    
       373 3.81893741e+00 3.82041815e+00 2.19258849e-06    
       374 5.26579109e+00 5.29328496e+00 7.55913024e-04    
       375 3.51808006e+00 3.49405489e+00 5.77208876e-04    
       376 2.10947541e+00 2.05977138e+00 2.47049027e-03    
       377 4.18272793e+00 4.19331308e+00 1.12045431e-04    
       378 3.08902912e+00 3.09216824e+00 9.85406590e-06    
       379 6.00962419e+00 5.94914203e+00 3.65809180e-03    
       380 4.83670205e+00 4.84128439e+00 2.09977793e-05    
       381 3.59893234e+00 3.55985105e+00 1.52734653e-03    
       382 2.94351921e+00 2.95782322e+00 2.04604684e-04    
       383 5.23921995e+00 5.28529317e+00 2.12274141e-03    
       384 3.49892308e+00 3.51055740e+00 1.35357431e-04    
       385 5.52161509e+00 5.46715773e+00 2.96560384e-03    
       386 2.84217543e+00 2.83907654e+00 9.60310748e-06    
       387 3.60296364e+00 3.62244863e+00 3.79664769e-04    
       388 6.11874934e+00 6.21535233e+00 9.33213756e-03    
       389 2.63732841e+00 2.62222534e+00 2.28102610e-04    
       390 3.82646627e+00 3.81374058e+00 1.61943121e-04    
       391 3.00387232e+00 3.03259120e+00 8.24774052e-04    
       392 3.82965671e+00 3.86514073e+00 1.25911565e-03    
       393 2.87942602e+00 2.87283622e+00 4.34255044e-05    
       394 4.80679985e+00 4.83463664e+00 7.74886957e-04    
       395 2.85431171e+00 2.85870341e+00 1.92870270e-05    
       396 3.73531443e+00 3.74323680e+00 6.27639132e-05    
       397 3.70371468e+00 3.72606340e+00 4.99465119e-04    
       398 2.56847192e+00 2.58077742e+00 1.51425248e-04    
       399 7.32851808e+00 7.00622553e+00 1.03872490e-01    
       400 6.56854876e+00 6.65278705e+00 7.09608897e-03    
       401 4.83200094e+00 4.83562633e+00 1.31434484e-05    
       402 2.49359994e+00 2.47841689e+00 2.30524892e-04    
       403 5.71274845e+00 5.72027707e+00 5.66801706e-05    
       404 4.05196594e+00 4.07809110e+00 6.82523919e-04    
       405 4.47147491e+00 4.48000624e+00 7.27836581e-05    
       406 4.68572183e+00 4.72127395e+00 1.26395333e-03    
       407 5.51607657e+00 5.53484905e+00 3.52406140e-04    
       408 4.42282184e+00 4.38668346e+00 1.30598285e-03    
       409 5.94743354e+00 5.97208436e+00 6.07662701e-04    
       410 3.75655487e+00 3.71446334e+00 1.77169724e-03    
       411 3.33117235e+00 3.33023483e+00 8.78935409e-07    
       412 5.81767839e+00 5.79539819e+00 4.96407314e-04    
       413 5.73290029e+00 5.68411270e+00 2.38022900e-03    
       414 4.62824736e+00 4.63689556e+00 7.47913877e-05    
       415 4.29264362e+00 4.28741648e+00 2.73230406e-05    
       416 4.72589875e+00 4.73758028e+00 1.36458051e-04    
       417 2.84883393e+00 2.84589671e+00 8.62726686e-06    
       418 1.06569297e+00 1.05963592e+00 3.66878190e-05    
       419 5.94553131e+00 6.08231158e+00 1.87088425e-02    
       420 5.85576702e+00 5.95334779e+00 9.52200587e-03    
       421 3.19493044e+00 3.16170235e+00 1.10410605e-03    
       422 5.98928962e+00 5.98958840e+00 8.92710615e-08    
       423 4.87315891e+00 4.85196297e+00 4.49267708e-04    
       424 4.93767636e+00 4.91767704e+00 3.99972935e-04    
       425 4.08267964e+00 4.11076733e+00 7.88918564e-04    
       426 4.21113259e+00 4.27092678e+00 3.57534551e-03    
       427 2.86992138e+00 2.92296606e+00 2.81373737e-03    
       428 4.86594606e+00 4.89661942e+00 9.40854743e-04    
       429 4.23301052e+00 4.19347341e+00 1.56318289e-03    
       430 5.63514599e+00 5.56304521e+00 5.19852185e-03    
       431 3.67795178e+00 3.74146853e+00 4.03437760e-03    
       432 3.38664362e+00 3.41426170e+00 7.62758425e-04    
       433 6.14704663e+00 6.13058769e+00 2.70896564e-04    
       434 2.64410118e+00 2.66962762e+00 6.51599124e-04    
       435 4.14884211e+00 4.12610847e+00 5.16818115e-04    
       436 3.69990865e+00 3.70663664e+00 4.52658252e-05    
       437 3.92065236e+00 3.90236746e+00 3.34337553e-04    
       438 6.75615100e+00 6.73003507e+00 6.82041780e-04    
       439 4.21018254e+00 4.21042660e+00 5.95683461e-08    
       440 3.32268622e+00 3.30083372e+00 4.77531921e-04    
       441 2.32574592e+00 2.31807802e+00 5.87966791e-05    
       442 2.44822184e+00 2.47681454e+00 8.17542441e-04    
       443 5.64958761e+00 5.65217022e+00 6.66983058e-06    
       444 4.81998369e+00 4.78608280e+00 1.14927046e-03    
       445 4.82022083e+00 4.74916554e+00 5.04885379e-03    
       446 5.67554737e+00 5.66269872e+00 1.65087786e-04    
       447 2.75985352e+00 2.75287624e+00 4.86825054e-05    
       448 2.26080748e+00 2.24641105e+00 2.07257048e-04    
       449 2.19549215e+00 2.16058778e+00 1.21831522e-03    
       450 3.15485304e+00 3.20124919e+00 2.15260242e-03    
       451 4.64741802e+00 4.67259836e+00 6.34049243e-04    
       452 9.77096229e+00 9.84154351e+00 4.98170895e-03    
       453 7.64254823e+00 7.51883488e+00 1.53049927e-02    
       454 1.37465848e+01 1.38659060e+01 1.42375479e-02    
       455 1.04844667e+01 1.03996059e+01 7.20135382e-03    
       456 1.13628650e+01 1.15090238e+01 2.13623994e-02    
       457 1.30165370e+01 1.30305811e+01 1.97238280e-04    
       458 1.07277553e+01 1.08395234e+01 1.24921149e-02    
       459 4.31576565e+00 4.39176747e+00 5.77627730e-03    
       460 5.54123543e+00 5.54779312e+00 4.30032822e-05    
       461 9.66504609e+00 9.54744318e+00 1.38304459e-02    
       462 6.93226580e+00 6.82436088e+00 1.16434711e-02    
       463 8.92276212e+00 9.01622878e+00 8.73601669e-03    
       464 1.09004598e+01 1.09970828e+01 9.33602024e-03    
       465 8.92240055e+00 8.96687501e+00 1.97797731e-03    
       466 9.31182672e+00 9.30054757e+00 1.27219225e-04    
       467 6.54740426e+00 6.63782730e+00 8.17632576e-03    
       468 5.57951997e+00 5.56353361e+00 2.55563664e-04    
       469 9.25889309e+00 9.26231790e+00 1.17292578e-05    
       470 5.47135535e+00 5.43035574e+00 1.68096774e-03    
       471 1.00367304e+01 1.00399092e+01 1.01044271e-05    
       472 3.47297506e+00 3.49813856e+00 6.33201694e-04    
       473 1.13016069e+01 1.14584845e+01 2.46105621e-02    
       474 6.81537509e+00 6.73626858e+00 6.25783995e-03    
       475 4.35659506e+00 4.38503730e+00 8.08961391e-04    
       476 1.25550093e+01 1.25001579e+01 3.00867665e-03    
       477 6.74217153e+00 6.72462916e+00 3.07734963e-04    
       478 1.02118843e+01 1.01064728e+01 1.11115872e-02    
       479 1.93452365e+01 1.93911217e+01 2.10545775e-03    
       480 1.04332006e+01 1.03840041e+01 2.42029558e-03    
       481 2.83497847e+01 2.86492343e+01 8.96700476e-02    
       482 7.90038742e+00 7.97109869e+00 5.00008343e-03    
       483 7.65751772e+00 7.67186642e+00 2.05885092e-04    
       484 7.18650779e+00 7.21342266e+00 7.24410413e-04    
       485 8.79162864e+00 8.70262848e+00 7.92102945e-03    
       486 4.69114828e+00 4.76844848e+00 5.97532060e-03    
       487 1.73091084e+01 1.72525417e+01 3.19978659e-03    
       488 6.47391060e+00 6.45399643e+00 3.96574396e-04    
       489 1.17929955e+01 1.19328657e+01 1.95636784e-02    
       490 1.49045298e+01 1.47394098e+01 2.72646212e-02    
       491 6.40891543e+00 6.45276653e+00 1.92291917e-03    
       492 5.49604370e+00 5.54706976e+00 2.60365878e-03    
       493 7.38274193e+00 7.38919474e+00 4.16387976e-05    
       494 8.10344302e+00 7.98432716e+00 1.41885892e-02    
       495 6.64284638e+00 6.67759985e+00 1.20780362e-03    
       496 2.15274401e+00 2.16420400e+00 1.31331451e-04    
       497 1.08050335e+01 1.09006284e+01 9.13838252e-03    
       498 7.60160324e+00 7.49351177e+00 1.16837654e-02    
       499 5.79495182e+00 5.80097146e+00 3.62361375e-05    
       500 7.87177317e+00 7.75620799e+00 1.33553125e-02    
       501 5.83818283e+00 5.85156788e+00 1.79159639e-04    
       502 1.03656565e+01 1.02859794e+01 6.34844116e-03    
       503 5.13234800e+00 5.11630216e+00 2.57468834e-04    
       504 8.04367764e+00 8.12416060e+00 6.47750702e-03    
       505 8.34874074e+00 8.34373482e+00 2.50592385e-05    
       506 1.19847980e+01 1.17964729e+01 3.54663528e-02    
       507 2.95024567e+00 2.86150441e+00 7.87501174e-03    
       508 5.85634446e+00 5.87895108e+00 5.11059247e-04    
       509 2.59329726e+00 2.58394783e+00 8.74119070e-05    
       510 9.67684314e+00 9.73713099e+00 3.63462397e-03    
       511 1.12409485e+01 1.11254785e+01 1.33333110e-02    
       512 1.07324142e+01 1.07353445e+01 8.58689373e-06    
       513 1.07398207e+01 1.08439595e+01 1.08448956e-02    
       514 5.00285633e+00 5.01496540e+00 1.46629509e-04    
       515 6.86767926e+00 6.84114278e+00 7.04185031e-04    
       516 1.55760860e+01 1.59636591e+01 1.50212888e-01    
       517 9.49083108e+00 9.45744658e+00 1.11452465e-03    
       518 7.24806772e+00 7.36914530e+00 1.46597799e-02    
       519 7.72806968e+00 7.79477040e+00 4.44898710e-03    
       520 4.94770735e+00 4.91539444e+00 1.04412387e-03    
       521 1.03484421e+01 1.04161682e+01 4.58682149e-03    
       522 5.28314536e+00 5.26974718e+00 1.79511346e-04    
       523 1.12666869e+01 1.11769396e+01 8.05458381e-03    
       524 8.66995638e+00 8.60305101e+00 4.47632813e-03    
       525 1.66725758e+01 1.66552299e+01 3.00881276e-04    
       526 8.40694312e+00 8.05375350e+00 1.24742909e-01    
       527 1.26227599e+01 1.25206372e+01 1.04290489e-02    
       528 1.26632544e+01 1.27007278e+01 1.40425510e-03    
       529 1.60742535e+01 1.60065055e+01 4.58979398e-03    
       530 8.16423771e+00 8.21077172e+00 2.16541448e-03    
       531 7.28228870e+00 7.26455385e+00 3.14524943e-04    
       532 1.18075870e+01 1.19100661e+01 1.05019561e-02    
       533 1.03028727e+01 1.01746177e+01 1.64493397e-02    
       534 9.12454457e+00 8.79101245e+00 1.11243674e-01    
       535 8.72916227e+00 8.72787690e+00 1.65219194e-06    
       536 7.85499413e+00 7.82051975e+00 1.18848339e-03    
       537 1.18515008e+01 1.17215121e+01 1.68970551e-02    
       538 1.22385785e+01 1.21943040e+01 1.96023209e-03    
       539 8.40875004e+00 8.10761830e+00 9.06803219e-02    
       540 1.35845966e+01 1.34971017e+01 7.65536561e-03    
       541 5.85298709e+00 5.80398091e+00 2.40160552e-03    
       542 9.50114752e+00 9.65280256e+00 2.29992508e-02    
       543 6.78657730e+00 6.85469531e+00 4.64006331e-03    
       544 5.47291828e+00 5.44732510e+00 6.55011079e-04    
       545 9.18368571e+00 9.05678910e+00 1.61027495e-02    
       546 8.47029786e+00 8.45840381e+00 1.41468356e-04    
       547 8.22430618e+00 8.23736792e+00 1.70609162e-04    
       548 6.81317228e+00 6.82679025e+00 1.85449113e-04    
       549 7.27106199e+00 7.29730433e+00 6.88660441e-04    
       550 5.53358339e+00 5.56476505e+00 9.72295765e-04    
       551 3.15905861e+00 3.16965490e+00 1.12281263e-04    
       552 6.20689007e+00 6.16628178e+00 1.64903344e-03    
       553 7.42932522e+00 7.45226256e+00 5.26121898e-04    
       554 8.35959910e+00 8.44870760e+00 7.94032461e-03    
       555 1.05752035e+01 1.04498415e+01 1.57156332e-02    
       556 7.56987592e+00 7.53072709e+00 1.53263040e-03    
       557 8.39753368e+00 8.60099550e+00 4.13967104e-02    
       558 7.08436437e+00 7.10074296e+00 2.68258194e-04    
       559 3.33357966e+00 3.36470656e+00 9.68883653e-04    
       560 7.49357403e+00 7.52321214e+00 8.78417648e-04    
       561 9.77872527e+00 9.46949655e+00 9.56223992e-02    
       562 8.85511886e+00 8.70856611e+00 2.14777083e-02    
       563 7.73287050e+00 7.82107059e+00 7.77925604e-03    
       564 1.37640364e+01 1.38324890e+01 4.68576805e-03    
       565 1.06633362e+01 1.07646233e+01 1.02590748e-02    
       566 7.85900166e+00 7.70658391e+00 2.32311709e-02    
       567 5.62622650e+00 5.61308989e+00 1.72570509e-04    
       568 3.05263118e+00 3.04413529e+00 7.21801472e-05    
       569 3.14640388e+00 3.16349748e+00 2.92191192e-04    
       570 7.77892116e+00 7.63627542e+00 2.03478074e-02    
       571 1.33987416e+01 1.34376246e+01 1.51188739e-03    
       572 7.67523087e+00 7.70555459e+00 9.19527922e-04    
       573 9.06912218e+00 9.07613591e+00 4.91923269e-05    
       574 6.34417578e+00 6.38084918e+00 1.34493792e-03    
       575 9.28514100e+00 9.15637742e+00 1.65800604e-02    
       576 9.24471414e+00 9.31432234e+00 4.84530185e-03    
       577 8.17726418e+00 8.20132962e+00 5.79145514e-04    
       578 7.58410614e+00 7.63375531e+00 2.46504063e-03    
       579 1.42847451e+01 1.43910334e+01 1.12972160e-02    
       580 6.88000964e+00 6.78075488e+00 9.85150731e-03    
       581 1.18281022e+01 1.19350045e+01 1.14281015e-02    
       582 5.45639201e+00 5.49023394e+00 1.14527666e-03    
       583 1.45415902e+01 1.46869498e+01 2.11294144e-02    
       584 6.99230660e+00 6.85756499e+00 1.81552998e-02    
       585 6.71407015e+00 6.72714577e+00 1.70971894e-04    
       586 1.24780962e+01 1.26424946e+01 2.70268474e-02    
       587 5.48598755e+00 5.47198266e+00 1.96136989e-04    
       588 8.15738041e+00 8.35548708e+00 3.92462542e-02    
       589 6.31332208e+00 6.30216500e+00 1.24480452e-04    
       590 6.92980458e+00 7.11777283e+00 3.53320606e-02    
       591 6.65196271e+00 6.64632241e+00 3.18129928e-05    
       592 8.20167793e+00 8.25545392e+00 2.89185690e-03    
       593 7.78204208e+00 7.64232579e+00 1.95206404e-02    
       594 7.66504250e+00 7.52495334e+00 1.96249718e-02    
       595 6.14405052e+00 6.17510053e+00 9.64102950e-04    
       596 1.01863326e+01 1.01364701e+01 2.48627710e-03    
       597 1.00931763e+01 1.01252857e+01 1.03101389e-03    
       598 6.32379358e+00 6.29921727e+00 6.03995290e-04    
       599 8.63275699e+00 8.60470436e+00 7.86950053e-04    
       600 7.01843264e+00 7.06858414e+00 2.51517273e-03    
       601 1.17373488e+01 1.17953789e+01 3.36748821e-03    
       602 5.02926507e+00 5.02899391e+00 7.35281680e-08    
       603 8.07997002e+00 7.90918997e+00 2.91658258e-02    
       604 3.49600491e+00 3.48395846e+00 1.45116822e-04    
       605 8.11584123e+00 8.14988661e+00 1.15908814e-03    
       606 1.29813115e+01 1.29327087e+01 2.36223319e-03    
       607 7.25075001e+00 7.35168409e+00 1.01876871e-02    
       608 9.71873128e+00 9.59713694e+00 1.47851837e-02    
       609 9.66664084e+00 9.76340146e+00 9.36261615e-03    
       610 1.00649295e+01 9.81019193e+00 6.48912405e-02    
       611 5.30054796e+00 5.26630031e+00 1.17290161e-03    
       612 1.10967837e+01 1.11913356e+01 8.94005565e-03    
       613 1.31252275e+01 1.31755775e+01 2.53512424e-03    
       614 1.18676121e+01 1.17203633e+01 2.16822051e-02    
       615 5.69618070e+00 5.72765212e+00 9.90450354e-04    
       616 6.94213452e+00 6.99408319e+00 2.69866500e-03    
       617 7.23755964e+00 7.26380578e+00 6.88860034e-04    
       618 9.93709492e+00 9.90106859e+00 1.29789634e-03    
       619 9.83273846e+00 1.00830247e+01 6.26432067e-02    
       620 7.82556670e+00 7.82042396e+00 2.64478274e-05    
       621 1.44577066e+01 1.44266124e+01 9.66850472e-04    
       622 6.90118764e+00 6.98121995e+00 6.40517000e-03    
       623 8.47284812e+00 8.29350904e+00 3.21625044e-02    
       624 9.35139088e+00 9.22912344e+00 1.49493269e-02    
       625 1.00592316e+01 1.00471050e+01 1.47053360e-04    
       626 6.84562663e+00 6.80852557e+00 1.37648901e-03    
       627 1.07792227e+01 1.06344776e+01 2.09511481e-02    
       628 8.04973756e+00 8.04111820e+00 7.42932740e-05    
       629 6.80267819e+00 6.84266679e+00 1.59908818e-03    
       630 1.05741315e+01 1.07191421e+01 2.10280833e-02    
       631 7.19097641e+00 7.20256559e+00 1.34309009e-04    
       632 8.45884518e+00 8.19102350e+00 7.17284568e-02    
       633 9.05516744e+00 9.06385092e+00 7.54028687e-05    
       634 6.07035217e+00 6.09421005e+00 5.69198502e-04    
       635 1.12882028e+01 1.11755854e+01 1.26826875e-02    
       636 1.35145662e+01 1.33909014e+01 1.52929711e-02    
       637 3.10245688e+00 3.00998839e+00 8.55042206e-03    
       638 9.01664363e+00 9.00213590e+00 2.10474062e-04    
       639 9.43164344e+00 9.39576796e+00 1.28705018e-03    
       640 1.36938366e+01 1.38200067e+01 1.59189108e-02    
       641 7.03599280e+00 7.01381799e+00 4.91722323e-04    
       642 4.59254929e+00 4.62935386e+00 1.35457678e-03    
       643 7.56197193e+00 7.55306747e+00 7.92895369e-05    
       644 9.78271014e+00 9.78180830e+00 8.13321267e-07    
       645 7.57195316e+00 7.46702976e+00 1.10089202e-02    
       646 5.48000651e+00 5.52875268e+00 2.37618963e-03    
       647 7.32458529e+00 7.38697404e+00 3.89235635e-03    
       648 6.07658779e+00 6.13130825e+00 2.99432837e-03    
       649 7.36371760e+00 7.34257603e+00 4.46965906e-04    
       650 9.24474658e+00 9.34450735e+00 9.95221071e-03    
       651 6.00340136e+00 6.02665454e+00 5.40710213e-04    
       652 1.20974769e+01 1.20014793e+01 9.21555416e-03    
       653 4.04440696e+00 3.97414734e+00 4.93641417e-03    
       654 6.68917798e+00 6.75362670e+00 4.15363714e-03    
       655 1.22506307e+01 1.21856371e+01 4.22417869e-03    
       656 9.07143983e+00 9.11189624e+00 1.63672153e-03    
       657 1.94237276e+01 1.93534613e+01 4.93734581e-03    
       658 2.54217934e+01 2.52978644e+01 1.53583775e-02    
       659 1.12564839e+01 1.11888385e+01 4.57589134e-03    
       660 4.87420108e+00 4.78644149e+00 7.70174508e-03    
       661 6.01995695e+00 6.00283380e+00 2.93202011e-04    
       662 9.62159414e+00 9.55824686e+00 4.01287710e-03    
       663 8.15473577e+00 8.23019123e+00 5.69352674e-03    
       664 7.51924331e+00 7.58079648e+00 3.78879289e-03    
       665 7.54240613e+00 7.60825223e+00 4.33570910e-03    
       666 1.22229260e+01 1.21693321e+01 2.87230337e-03    
       667 8.03022051e+00 8.14374392e+00 1.28875648e-02    
       668 9.74594399e+00 9.70314002e+00 1.83217931e-03    
       669 7.85987967e+00 7.75614706e+00 1.07604542e-02    
       670 1.17123784e+01 1.18163978e+01 1.08200289e-02    
       671 1.48777346e+01 1.49959376e+01 1.39719385e-02    
       672 1.10798331e+01 1.10256954e+01 2.93089494e-03    
       673 8.78135224e+00 9.09573104e+00 9.88340316e-02    
       674 6.94022224e+00 6.85674950e+00 6.96769860e-03    
       675 7.99079409e+00 8.04467948e+00 2.90363534e-03    
       676 7.82888943e+00 7.84354423e+00 2.14763230e-04    
       677 1.34509325e+01 1.35710315e+01 1.44237680e-02    
       678 7.72281378e+00 7.59765017e+00 1.56659300e-02    
       679 1.54219286e+01 1.55532555e+01 1.72467419e-02    
       680 3.61444343e+00 3.59710162e+00 3.00738225e-04    
       681 5.58815488e+00 5.58924572e+00 1.18994261e-06    
       682 8.03663692e+00 8.19703120e+00 2.57263251e-02    
       683 4.81163079e+00 4.84267713e+00 9.63875307e-04    
       684 7.42456016e+00 7.38882829e+00 1.27676648e-03    
       685 4.84971183e+00 4.92928432e+00 6.33178162e-03    
       686 1.11764354e+01 1.13068422e+01 1.70059350e-02    
       687 1.27656960e+01 1.27280634e+01 1.41621841e-03    
       688 1.13431318e+01 1.13049416e+01 1.45849261e-03    
       689 6.72046435e+00 6.65170878e+00 4.72732870e-03    
       690 3.50399674e+00 3.53892581e+00 1.22003973e-03    
       691 4.68973218e+00 4.65930180e+00 9.26008169e-04    
       692 8.88804171e+00 8.79314488e+00 9.00540800e-03    
       693 6.94218917e+00 6.99697954e+00 3.00198439e-03    
       694 5.44542985e+00 5.52095056e+00 5.70337708e-03    
       695 1.25361461e+01 1.26434615e+01 1.15166036e-02    
       696 9.91981318e+00 9.81166422e+00 1.16961970e-02    
       697 7.83610058e+00 7.75432482e+00 6.68727434e-03    
       698 3.52490780e+00 3.48561188e+00 1.54416927e-03    
       699 1.08224311e+01 1.09537890e+01 1.72548885e-02    
       700 4.92718647e+00 4.93118347e+00 1.59760049e-05    
       701 6.28251526e+00 6.19223085e+00 8.15127378e-03    
       702 6.18128587e+00 6.24606614e+00 4.19648426e-03    
       703 7.13748349e+00 7.07793188e+00 3.54639406e-03    
       704 8.67477264e+00 8.63193474e+00 1.83508588e-03    
       705 1.07609510e+01 1.06130812e+01 2.18654696e-02    
       706 6.06944347e+00 6.11143003e+00 1.76287064e-03    
       707 5.52433942e+00 5.48646638e+00 1.43436700e-03    
       708 7.99644130e+00 8.07518691e+00 6.20087196e-03    
       709 7.64489261e+00 7.64599600e+00 1.21748238e-06    
       710 1.20136850e+01 1.21259711e+01 1.26081571e-02    
       711 7.82462914e+00 7.92018193e+00 9.13033613e-03    
       712 3.29983133e+00 3.27129275e+00 8.14450158e-04    
       713 6.17320198e+00 6.08812734e+00 7.23769379e-03    
       714 4.94330022e+00 4.94241065e+00 7.91349616e-07    
       715 5.75855087e+00 5.73638591e+00 4.91285259e-04    
       716 9.42108327e+00 9.41406207e+00 4.92973377e-05    
       717 6.94020122e+00 6.90768356e+00 1.05739855e-03    
       718 4.93022845e+00 4.95934652e+00 8.47861977e-04    
       719 8.43084979e+00 8.36427223e+00 4.43257139e-03    
       720 7.45943262e+00 7.57603056e+00 1.35950801e-02    
       721 8.85412595e+00 8.79512337e+00 3.48130476e-03    
       722 8.92715620e+00 9.04439065e+00 1.37439176e-02    
       723 1.13492572e+01 1.14245852e+01 5.67430574e-03    
       724 1.17612173e+01 1.17523240e+01 7.90919591e-05    
       725 6.11636819e+00 6.05724164e+00 3.49594913e-03    
       726 3.30075722e+00 3.29397203e+00 4.60387918e-05    
       727 7.52842120e+00 7.42310060e+00 1.10924296e-02    
       728 8.10506438e+00 7.99900393e+00 1.12488185e-02    
       729 1.42733347e+01 1.41245874e+01 2.21257558e-02    
       730 6.97142333e+00 6.99217548e+00 4.30651557e-04    
       731 3.94171277e+00 3.94565942e+00 1.55760476e-05    
       732 7.72657702e+00 7.68557719e+00 1.68098589e-03    
       733 8.42614767e+00 8.55309608e+00 1.61158981e-02    
       734 5.30366982e+00 5.36158701e+00 3.35440108e-03    
       735 1.15737278e+01 1.14386524e+01 1.82453498e-02    
       736 3.61360489e+00 3.62953375e+00 2.53728597e-04    
       737 1.31973292e+01 1.28030094e+01 1.55488127e-01    
       738 3.69927926e+00 3.75836467e+00 3.49108536e-03    
       739 1.05913554e+01 1.03946530e+01 3.86918402e-02    
       740 1.09227875e+01 1.11013066e+01 3.18690842e-02    
       741 1.11013592e+01 1.10641384e+01 1.38538498e-03    
       742 9.48824762e+00 9.47294476e+00 2.34177593e-04    
       743 4.12478151e+00 4.17582310e+00 2.60524369e-03    
       744 4.09448824e+00 4.11464441e+00 4.06271321e-04    
       745 5.19731242e+00 5.25011038e+00 2.78762438e-03    
       746 5.08855819e+00 5.00172347e+00 7.54026914e-03    
       747 9.22708916e+00 9.07513005e+00 2.30915700e-02    
       748 8.01376307e+00 7.99855063e+00 2.31418154e-04    
       749 6.09024265e+00 6.11314512e+00 5.24522966e-04    
       750 8.73563033e+00 8.75694601e+00 4.54358347e-04    
       751 3.51077927e+01 3.61341847e+01 1.05348054e+00    
       752 1.59505028e+01 1.59538283e+01 1.10591539e-05    
       753 1.33525858e+01 1.33610430e+01 7.15243034e-05    
       754 1.36429465e+01 1.35915215e+01 2.64452731e-03    
       755 2.07334599e+01 2.05258740e+01 4.30919342e-02    
       756 1.33841142e+01 1.32671417e+01 1.36825606e-02    
       757 1.62756968e+01 1.62801644e+01 1.99597393e-05    
       758 3.45550618e+01 3.44559658e+01 9.82001970e-03    
       759 8.05696672e+00 8.04651629e+00 1.09211398e-04    
       760 2.88008130e+01 2.88261099e+01 6.39935869e-04    
       761 2.19465984e+01 2.18610180e+01 7.32399961e-03    
       762 1.64641118e+01 1.64576552e+01 4.16873005e-05    
       763 1.83400619e+01 1.83480629e+01 6.40163601e-05    
       764 2.05539378e+01 2.06124139e+01 3.41945886e-03    
       765 3.10922242e+01 3.07354872e+01 1.27261258e-01    
       766 1.41462831e+01 1.41818100e+01 1.26216127e-03    
       767 1.93566496e+01 1.94572832e+01 1.01271266e-02    
       768 1.23032842e+01 1.23808899e+01 6.02264433e-03    
       769 9.17088320e+00 9.19792740e+00 7.31388766e-04    
       770 1.68873018e+01 1.69399160e+01 2.76825788e-03    
       771 1.54576689e+01 1.56795121e+01 4.92144067e-02    
       772 2.28920470e+01 2.29842376e+01 8.49909883e-03    
       773 8.61973943e+00 8.63414324e+00 2.07469694e-04    
       774 1.51239613e+01 1.58746611e+01 5.63550270e-01    
       775 1.92953441e+01 1.91016413e+01 3.75208028e-02    
       776 2.00685249e+01 2.07969766e+01 5.30641934e-01    
       777 1.29410121e+01 1.29121494e+01 8.33052954e-04    
       778 1.74109719e+01 1.72745754e+01 1.86040143e-02    
       779 8.95634988e+00 9.08065477e+00 1.54517045e-02    
       780 1.47518701e+01 1.48319548e+01 6.41355042e-03    
       781 2.32137649e+01 2.28272266e+01 1.49411894e-01    
       782 1.45355708e+01 1.45504209e+01 2.20524192e-04    
       783 3.27057875e+01 3.24657603e+01 5.76130322e-02    
       784 1.75406353e+01 1.73181444e+01 4.95022036e-02    
       785 2.72524751e+01 2.73006932e+01 2.32499215e-03    
       786 1.71167083e+01 1.70252693e+01 8.36108207e-03    
       787 2.83660875e+01 2.82876437e+01 6.15344007e-03    
       788 9.15282191e+00 9.20605909e+00 2.83419734e-03    
       789 2.27020469e+01 2.31844669e+01 2.32729070e-01    
       790 2.02634756e+01 2.00790191e+01 3.40242127e-02    
       791 9.70075414e+00 9.67663587e+00 5.81691214e-04    
       792 1.06295153e+01 1.07204912e+01 8.27661407e-03    
       793 2.07257285e+01 2.07970393e+01 5.08523437e-03    
       794 1.79394979e+01 1.82445809e+01 9.30756337e-02    
       795 2.61723244e+01 2.58134515e+01 1.28789759e-01    
       796 9.65770411e+00 9.66179379e+00 1.67255247e-05    
       797 1.24999345e+01 1.24671813e+01 1.07277206e-03    
       798 1.72012692e+01 1.72260898e+01 6.16064022e-04    
       799 1.86649655e+01 1.85354218e+01 1.67815648e-02    
       800 1.51098378e+01 1.55138479e+01 1.63224150e-01    
       801 1.07823537e+01 1.08790627e+01 9.35262301e-03    
       802 1.69196379e+01 1.70776742e+01 2.49754751e-02    
       803 2.35369758e+01 2.36175055e+01 6.48503750e-03    
       804 1.89270808e+01 1.87448094e+01 3.32228824e-02    
       805 2.20075264e+01 2.21234347e+01 1.34347438e-02    
       806 1.56509579e+01 1.55737095e+01 5.96730949e-03    
       807 1.83732708e+01 1.84735426e+01 1.00544357e-02    
       808 1.81157267e+01 1.77941374e+01 1.03419623e-01    
       809 1.41895416e+01 1.40909928e+01 9.71187149e-03    
       810 3.24821868e+01 3.25554896e+01 5.37330738e-03    
       811 2.24738696e+01 2.28324815e+01 1.28602494e-01    
       812 1.55443828e+01 1.57850135e+01 5.79031230e-02    
       813 1.92462998e+01 1.92447896e+01 2.28070161e-06    
       814 1.52985123e+01 1.52797505e+01 3.52005716e-04    
       815 6.11850047e+00 6.06873228e+00 2.47687267e-03    
       816 1.68039228e+01 1.68994275e+01 9.12113672e-03    
       817 1.15403658e+01 1.11421283e+01 1.58593108e-01    
       818 1.12049579e+01 1.13084977e+01 1.07204921e-02    
       819 1.32146967e+01 1.29955343e+01 4.80321637e-02    
       820 1.38950590e+01 1.39923894e+01 9.47321324e-03    
       821 2.73772429e+01 2.72871366e+01 8.11915105e-03    
       822 1.52923138e+01 1.52520802e+01 1.61874184e-03    
       823 1.53213620e+01 1.53297683e+01 7.06664351e-05    
       824 1.62801053e+01 1.62967610e+01 2.77412132e-04    
       825 6.77682719e+00 6.85928234e+00 6.79885314e-03    
       826 2.21816809e+01 2.22933206e+01 1.24634231e-02    
       827 9.22188886e+00 9.32205143e+00 1.00325410e-02    
       828 1.24633447e+01 1.24365375e+01 7.18626347e-04    
       829 2.23209580e+01 2.22518188e+01 4.78022282e-03    
       830 1.48193876e+01 1.49103433e+01 8.27293199e-03    
       831 2.18894341e+01 2.14579361e+01 1.86190512e-01    
       832 8.87722960e+00 9.07008395e+00 3.71928025e-02    
       833 1.38198570e+01 1.36228267e+01 3.88209470e-02    
       834 1.06162094e+01 1.04267165e+01 3.59075630e-02    
       835 1.21597300e+01 1.23947065e+01 5.52139602e-02    
       836 1.64050334e+01 1.62718314e+01 1.77427921e-02    
       837 1.05417243e+01 1.05432685e+01 2.38455276e-06    
       838 2.11595239e+01 2.07194469e+01 1.93667767e-01    
       839 1.65433448e+01 1.66399679e+01 9.33602918e-03    
       840 1.30717940e+01 1.30578442e+01 1.94598632e-04    
       841 1.65480704e+01 1.61167380e+01 1.86047666e-01    
       842 2.48042745e+01 2.48883092e+01 7.06181754e-03    
       843 1.00115831e+01 1.00276657e+01 2.58649193e-04    
       844 1.18991017e+01 1.18222219e+01 5.91050701e-03    
       845 1.12375924e+01 1.10209175e+01 4.69480171e-02    
       846 1.85921503e+01 1.87500031e+01 2.49175174e-02    
       847 1.40343141e+01 1.40128758e+01 4.59599731e-04    
       848 2.31203791e+01 2.33665629e+01 6.06064926e-02    
       849 1.50954966e+01 1.49060616e+01 3.58856285e-02    
       850 8.08944015e+00 8.11261373e+00 5.37015063e-04    
       851 1.81584571e+01 1.80731830e+01 7.27168038e-03    
       852 2.35127842e+01 2.34844942e+01 8.00323810e-04    
       853 9.79023317e+00 9.54919976e+00 5.80971017e-02    
       854 1.57084374e+01 1.58053606e+01 9.39410992e-03    
       855 1.47113572e+01 1.47518651e+01 1.64088360e-03    
       856 4.41542651e+01 4.48172236e+01 4.39513986e-01    
       857 1.49812857e+01 1.48318675e+01 2.23257965e-02    
       858 9.48248256e+00 9.51606012e+00 1.12745245e-03    
       859 1.16246573e+01 1.14240511e+01 4.02428610e-02    
       860 2.69161483e+01 2.67677393e+01 2.20252277e-02    
       861 1.36584387e+01 1.37045740e+01 2.12846938e-03    
       862 1.72103377e+01 1.71535129e+01 3.22905500e-03    
       863 1.08964316e+01 1.11032597e+01 4.27778686e-02    
       864 7.76296178e+00 7.64415172e+00 1.41158295e-02    
       865 2.16098569e+01 2.11454443e+01 2.15679009e-01    
       866 1.53231308e+01 1.52168773e+01 1.12898055e-02    
       867 1.48604418e+01 1.49459408e+01 7.31006737e-03    
       868 1.13322175e+01 1.16901070e+01 1.28084899e-01    
       869 1.87311063e+01 1.87622971e+01 9.72862166e-04    
       870 1.29466686e+01 1.27842183e+01 2.63900842e-02    
       871 1.51321904e+01 1.49406210e+01 3.66988648e-02    
       872 2.22981071e+01 2.22661577e+01 1.02075933e-03    
       873 1.41687374e+01 1.46235300e+01 2.06836246e-01    
       874 2.35554494e+01 2.29571711e+01 3.57936848e-01    
       875 1.24683867e+01 1.23583571e+01 1.21065199e-02    
       876 1.27628389e+01 1.27684065e+01 3.09981780e-05    
       877 2.39506989e+01 2.36189896e+01 1.10031033e-01    
       878 3.02669021e+01 3.01543126e+01 1.26763901e-02    
       879 1.34449747e+01 1.34236345e+01 4.55400768e-04    
       880 2.14954660e+01 2.11644746e+01 1.09555294e-01    
       881 1.12056174e+01 1.13167395e+01 1.23481152e-02    
       882 2.00912903e+01 2.05664240e+01 2.25751963e-01    
       883 9.78479278e+00 9.80434163e+00 3.82157224e-04    
       884 1.12120442e+01 1.11087612e+01 1.06673726e-02    
       885 2.51653540e+01 2.45475350e+01 3.81700271e-01    
       886 1.51220508e+01 1.51793847e+01 3.28717597e-03    
       887 9.38532370e+00 9.46356381e+00 6.12151446e-03    
       888 1.84109050e+01 1.83899031e+01 4.41083844e-04    
       889 3.80724786e+01 3.81779532e+01 1.11249017e-02    
       890 2.45316045e+01 2.46745561e+01 2.04351664e-02    
       891 1.37671877e+01 1.36521944e+01 1.32234600e-02    
       892 1.45402581e+01 1.46603971e+01 1.44333766e-02    
       893 2.10289769e+01 2.11578469e+01 1.66074916e-02    
       894 2.77649856e+01 2.76679001e+01 9.42559343e-03    
       895 7.01992448e+00 7.04783815e+00 7.79173092e-04    
       896 1.71868159e+01 1.71162745e+01 4.97607660e-03    
       897 1.25501071e+01 1.25931825e+01 1.85548829e-03    
       898 1.93097007e+01 1.95046938e+01 3.80223007e-02    
       899 1.36328901e+01 1.34013668e+01 5.36030561e-02    
       900 1.72644853e+01 1.72502485e+01 2.02685605e-04    
       901 3.68704051e+01 3.68277205e+01 1.82197776e-03    
       902 2.53000339e+01 2.47344298e+01 3.19908074e-01    
       903 1.04538776e+01 1.04886346e+01 1.20805077e-03    
       904 8.79568035e+00 8.82793487e+00 1.04035402e-03    
       905 1.56301779e+01 1.54346766e+01 3.82207651e-02    
       906 1.27705348e+01 1.27389655e+01 9.96624632e-04    
       907 1.44167992e+01 1.43958956e+01 4.36962375e-04    
       908 1.25258772e+01 1.22922333e+01 5.45895036e-02    
       909 3.40961360e+01 3.39190274e+01 3.13674721e-02    
       910 1.52625021e+01 1.53516368e+01 7.94498630e-03    
       911 9.75947792e+00 9.77805959e+00 3.45278309e-04    
       912 7.95652314e+01 8.01090121e+01 2.95697495e-01    
       913 3.73745239e+01 3.76115610e+01 5.61865905e-02    
       914 2.47226839e+01 2.45085962e+01 4.58335731e-02    
       915 3.70669864e+01 3.71287006e+01 3.80865162e-03    
       916 1.35004302e+01 1.36528464e+01 2.32306990e-02    
       917 8.54571603e+00 8.38006062e+00 2.74417152e-02    
       918 2.26477327e+01 2.30049399e+01 1.27596987e-01    
       919 2.01602312e+01 2.02107371e+01 2.55084552e-03    
       920 1.31203123e+01 1.29840579e+01 1.85652629e-02    
       921 1.75061877e+01 1.76744790e+01 2.83219601e-02    
       922 1.45316804e+01 1.45932430e+01 3.78994386e-03    
       923 1.41722555e+01 1.41337156e+01 1.48532612e-03    
       924 3.89228145e+01 3.89205687e+01 5.04359097e-06    
       925 1.16384941e+01 1.16891166e+01 2.56263811e-03    
       926 2.12439206e+01 2.10950252e+01 2.21698440e-02    
       927 1.64266073e+01 1.63460830e+01 6.48416856e-03    
       928 1.99551673e+01 1.97826904e+01 2.97482852e-02    
       929 1.02222200e+01 9.91804693e+00 9.25212817e-02    
       930 1.99527160e+01 2.00775552e+01 1.55848070e-02    
       931 1.28853919e+01 1.28790729e+01 3.99290816e-05    
       932 1.78616963e+01 1.80518855e+01 3.61719505e-02    
       933 2.42885475e+01 2.43050756e+01 2.73178497e-04    
       934 1.22457614e+01 1.19315063e+01 9.87563285e-02    
       935 1.12688084e+01 1.12031605e+01 4.30964106e-03    
       936 2.56690472e+01 2.51283645e+01 2.92337758e-01    
       937 1.40379630e+01 1.42670711e+01 5.24905414e-02    
       938 1.52366039e+01 1.52682285e+01 1.00011429e-03    
       939 2.03457116e+01 2.04308149e+01 7.24257537e-03    
       940 1.08443456e+01 1.07068887e+01 1.88943927e-02    
       941 4.42257582e+01 4.33741940e+01 7.25161557e-01    
       942 1.69287169e+01 1.72080330e+01 7.80174630e-02    
       943 1.83139782e+01 1.83669307e+01 2.80397381e-03    
       944 1.86122502e+01 1.86219857e+01 9.47795609e-05    
       945 1.66662927e+01 1.66537781e+01 1.56615961e-04    
       946 1.74837745e+01 1.70706916e+01 1.70637502e-01    
       947 1.86038690e+01 1.87880211e+01 3.39120056e-02    
       948 1.00989405e+01 1.01261756e+01 7.41749851e-04    
       949 1.51376588e+01 1.48333152e+01 9.26250423e-02    
       950 1.27722000e+01 1.26409101e+01 1.72370294e-02    
       951 5.00404029e+01 4.96033237e+01 1.91038286e-01    
       952 3.23837572e+01 3.31181261e+01 5.39297721e-01    
       953 5.75036911e+01 5.82110339e+01 5.00333825e-01    
       954 2.66213585e+01 2.66743799e+01 2.81127175e-03    
       955 4.56008047e+01 4.55582588e+01 1.81014908e-03    
       956 4.56557104e+01 4.51868878e+01 2.19794628e-01    
       957 3.53327993e+01 3.53573185e+01 6.01190969e-04    
       958 8.58912208e+01 8.57613401e+01 1.68690026e-02    
       959 8.12756936e+01 8.22467704e+01 9.42990059e-01    
       960 4.82498758e+01 4.91223394e+01 7.61192758e-01    
       961 3.67052469e+01 3.69801530e+01 7.55733730e-02    
       962 4.36964033e+01 4.38295251e+01 1.77214241e-02    
       963 6.15501231e+01 6.13135023e+01 5.59894201e-02    
       964 5.20713021e+01 5.13694067e+01 4.92657174e-01    
       965 2.35052982e+01 2.35636886e+01 3.40944625e-03    
       966 2.54574033e+01 2.53780302e+01 6.30010190e-03    
       967 2.13702473e+01 2.12798444e+01 8.17268311e-03    
       968 4.27007412e+01 4.23233883e+01 1.42395241e-01    
       969 2.11227898e+01 2.17126805e+01 3.47970977e-01    
       970 4.46272961e+01 4.46372433e+01 9.89480598e-05    
       971 1.02345380e+02 1.03239212e+02 7.98936011e-01    
       972 2.47069951e+01 2.44784867e+01 5.22160810e-02    
       973 3.52034679e+01 3.52139390e+01 1.09643757e-04    
       974 7.75961565e+01 7.77444642e+01 2.19951847e-02    
       975 3.17584346e+01 3.14749393e+01 8.03695776e-02    
       976 3.61263099e+01 3.58536037e+01 7.43686553e-02    
       977 5.19784206e+01 5.15485946e+01 1.84750463e-01    
       978 3.81936047e+01 3.89325277e+01 5.46007245e-01    
       979 3.79070280e+01 3.79620422e+01 3.02655455e-03    
       980 2.09119848e+01 2.08309252e+01 6.57066431e-03    
       981 2.74340038e+01 2.75647655e+01 1.70986020e-02    
       982 6.88561857e+01 6.84699303e+01 1.49193293e-01    
       983 4.74600165e+01 4.85473015e+01 1.18218864e+00    
       984 5.08651603e+01 5.08553925e+01 9.54101925e-05    
       985 5.14914907e+01 5.13242362e+01 2.79740837e-02    
       986 1.61331852e+02 1.59033941e+02 5.28039296e+00    
       987 5.50830363e+01 5.48803880e+01 4.10663542e-02    
       988 1.62321696e+02 1.60580135e+02 3.03303335e+00    
       989 3.29815880e+01 3.28666434e+01 1.32122565e-02    
       990 3.12225604e+01 3.08709010e+01 1.23664313e-01    
       991 3.93877159e+01 3.93063688e+01 6.61734386e-03    
       992 3.34657456e+01 3.40163149e+01 3.03126544e-01    
       993 4.71027613e+01 4.72301355e+01 1.62241847e-02    
       994 3.93822847e+01 3.98903769e+01 2.58157629e-01    
       995 6.40608766e+01 6.41315866e+01 4.99991244e-03    
       996 3.37055557e+01 3.32041488e+01 2.51408890e-01    
       997 5.79094563e+01 5.68388983e+01 1.14609439e+00    
       998 3.77741605e+01 3.84465331e+01 4.52084911e-01    
       999 3.24258536e+01 3.26732885e+01 6.12240545e-02    
      1000 2.32185704e+01 2.33607749e+01 2.02221171e-02    
